Cases and deaths per capita explained by overall full vaccination percentage independently in each state. No controls.
      State:                        Coef:                          p-val:                             VE:                     Population:       Number of counties:

CASES: 
 
Alabama                           -17.88894                         0.05405                           71.55661                 4710591                  53                       
Arkansas                          -37.03573                         0.02306                           105.90008                2825465                  57                       
California                        -6.28167                          0.24696                           33.79584                 39417301                 50                       
Colorado                          14.61780                          0.12943                           -52.20565                5540364                  36                       
Florida                           56.87887                          0.00000                           316.95219                21236552                 56                       
Georgia                           10.54470                          0.22740                           -90.42048                9838543                  98                       
Idaho                             31.85258                          0.17293                           -601.27961               1693807                  29                       
Illinois                          0.07934                           0.99435                           -0.20685                 12524374                 86                       
Indiana                           -12.49173                         0.23322                           29.25054                 6508315                  78                       
Iowa                              -2.88483                          0.82867                           8.94894                  3040069                  88                       
Kansas                            -35.14970                         0.16679                           62.38730                 2699774                  61                       
Kentucky                          0.71400                           0.95270                           -2.54174                 4128367                  88                       
Louisiana                         32.48158                          0.00010                           8651.82367               4467119                  51                       
Maryland                          -0.52118                          0.15726                           100.39091                5844740                  20                       
Michigan                          -21.57646                         0.03674                           39.26210                 9941045                  77                       
Minnesota                         -23.13606                         0.07268                           39.17886                 5507229                  73                       
Mississippi                       -29.66963                         0.04467                           104.95538                2575393                  52                       
Missouri                          21.36274                          0.04881                           -123.67948               5739227                  81                       
Montana                           -0.70829                          0.94579                           2.80913                  960754                   27                       
Nebraska                          -4.40902                          0.14776                           150.41823                1074598                  24                       
New Jersey                        14.86306                          0.51629                           -39.25950                8882314                  21                       
New Mexico                        -17.71590                         0.42521                           34.63888                 2058418                  25                       
New York                          29.44980                          0.03728                           -98.29916                19431371                 60                       
North Carolina                    1.92927                           0.80270                           -11.17757                10258672                 85                       
Ohio                              44.62912                          0.00025                           -213.24797               11689290                 88                       
Oklahoma                          1.58680                           0.87116                           -10.62110                3838963                  61                       
Oregon                            -12.33323                         0.18343                           50.66321                 4163638                  29                       
Pennsylvania                      -29.92390                         0.00113                           49.43058                 12797441                 66                       
South Carolina                    -5.15060                          0.59735                           29.51195                 5009815                  38                       
South Dakota                      53.93226                          0.05315                           -3082.90476              723841                   29                       
Tennessee                         4.38722                           0.61636                           -26.76295                6498837                  74                       
Texas                             3.02038                           0.59888                           -30.02715                28248958                 158                      
Virginia                          -10.89152                         0.12374                           35.53724                 7985644                  95                       
Washington                        7.17260                           0.34713                           -54.69486                7546957                  32                       
West Virginia                     -39.59447                         0.05372                           70.90569                 1651529                  42                       
Wisconsin                         -26.19486                         0.02618                           44.02103                 5723762                  64                       

COVID-19 DEATHS: 
 
Alabama                           0.20539                           0.23311                           -244.02061               4710591                  53                       
Arkansas                          0.09236                           0.81251                           -65.31302                2825465                  57                       
California                        -0.85603                          0.00001                           118.52264                39417301                 50                       
Colorado                          -0.80832                          0.07655                           83.70086                 5540364                  36                       
Florida                           -0.33697                          0.17085                           93.36171                 21236552                 56                       
Georgia                           0.01107                           0.95918                           -4.67627                 9838543                  98                       
Idaho                             -0.15794                          0.83085                           34.23995                 1693807                  29                       
Illinois                          -0.28427                          0.25861                           69.59982                 12524374                 86                       
Indiana                           0.20216                           0.44874                           -83.17648                6508315                  78                       
Iowa                              0.22590                           0.74644                           -93.84382                3040069                  88                       
Kansas                            -2.07818                          0.06085                           130.83840                2699774                  61                       
Kentucky                          1.13913                           0.06856                           1189.78510               4128367                  88                       
Louisiana                         -0.00434                          0.98699                           2.59812                  4467119                  51                       
Maryland                          -1.11265                          0.01187                           125.95662                5844740                  20                       
Michigan                          -0.08642                          0.86802                           13.71300                 9941045                  77                       
Minnesota                         -0.39596                          0.57181                           56.37279                 5507229                  73                       
Mississippi                       0.06865                           0.81470                           -44.28129                2575393                  52                       
Missouri                          -0.19310                          0.62917                           54.34772                 5739227                  81                       
Montana                           -0.95303                          0.18404                           77.20783                 960754                   27                       
Nebraska                          -0.08130                          0.94246                           16.60540                 1074598                  24                       
New Jersey                        -0.74542                          0.00008                           115.79024                8882314                  21                       
New Mexico                        -0.83354                          0.10015                           82.36372                 2058418                  25                       
New York                          -0.46310                          0.19743                           76.67162                 19431371                 60                       
North Carolina                    -0.16083                          0.53706                           43.55153                 10258672                 85                       
Ohio                              -0.10751                          0.76750                           20.18893                 11689290                 88                       
Oklahoma                          -0.19529                          0.57188                           52.51660                 3838963                  61                       
Oregon                            -0.44431                          0.08395                           86.36464                 4163638                  29                       
Pennsylvania                      0.89190                           0.44578                           -445.89425               12797441                 66                       
South Carolina                    -0.19030                          0.45865                           70.70021                 5009815                  38                       
South Dakota                      0.48914                           0.72421                           -260.31031               723841                   29                       
Tennessee                         0.81173                           0.00916                           1138.90190               6498837                  74                       
Texas                             -0.38550                          0.04599                           91.00948                 28248958                 158                      
Virginia                          -1.70136                          0.00755                           138.18514                7985644                  95                       
Washington                        -0.16571                          0.60209                           47.60162                 7546957                  32                       
West Virginia                     1.41049                           0.30156                           1142.85933               1651529                  42                       
Wisconsin                         0.51709                           0.24259                           -404.13472               5723762                  64                       

NON-COVID DEATHS: 
 
Alabama                           1.47484                           0.13131                           -100.25052               4710591                  53                       
Arkansas                          -0.01773                          0.99044                           0.87986                  2825465                  57                       
California                        -1.13804                          0.02281                           50.35827                 39417301                 50                       
Colorado                          -1.14827                          0.07772                           53.01244                 5540364                  36                       
Florida                           1.43909                           0.10292                           -115.93914               21236552                 56                       
Georgia                           0.25099                           0.77672                           -13.05344                9838543                  98                       
Idaho                             -1.59087                          0.27189                           66.60484                 1693807                  29                       
Illinois                          -0.61983                          0.42800                           27.07789                 12524374                 86                       
Indiana                           0.99725                           0.14998                           -68.96658                6508315                  78                       
Iowa                              -0.90501                          0.42825                           35.24654                 3040069                  88                       
Kansas                            1.21315                           0.40121                           -96.19421                2699774                  61                       
Kentucky                          4.16811                           0.00496                           -16314.20504             4128367                  88                       
Louisiana                         0.22284                           0.84480                           -12.27352                4467119                  51                       
Maryland                          -2.18040                          0.08316                           78.77195                 5844740                  20                       
Michigan                          1.02128                           0.17581                           -60.48879                9941045                  77                       
Minnesota                         0.67234                           0.49961                           -47.72420                5507229                  73                       
Mississippi                       -0.88984                          0.59480                           34.79743                 2575393                  52                       
Missouri                          -0.59434                          0.52739                           26.04572                 